1 0.541837 0.443328 0.057578 0.091300
1 0.442514 0.452151 0.037426 0.061378
1 0.284174 0.530791 0.108823 0.155747
1 0.827001 0.443797 0.043760 0.077745
1 0.893063 0.399618 0.019616 0.037197
1 0.748645 0.441176 0.023167 0.035157
1 0.700866 0.393212 0.022160 0.031397
1 0.776604 0.399193 0.017111 0.030650
1 0.701100 0.345805 0.013464 0.021305
1 0.661969 0.370100 0.010940 0.016072
1 0.648645 0.364307 0.012342 0.018689
1 0.401449 0.389294 0.025891 0.038387
1 0.447579 0.382977 0.016774 0.021866
1 0.584414 0.352284 0.026852 0.032247
1 0.377385 0.370616 0.015913 0.022087
0 0.543970 0.348971 0.013592 0.019436
1 0.084912 0.426433 0.038508 0.060641
1 0.045966 0.576288 0.068265 0.120117
1 0.196499 0.425850 0.033257 0.051312
1 0.290674 0.352726 0.023372 0.035781
1 0.232991 0.362996 0.023372 0.039094
1 0.169838 0.347093 0.022377 0.032468
1 0.119117 0.392150 0.022377 0.037768
1 0.020907 0.358689 0.020885 0.037106
1 0.961116 0.383382 0.022974 0.037901
1 0.490592 0.390517 0.018425 0.035292
1 0.511896 0.400107 0.027638 0.051404
1 0.337434 0.371720 0.019577 0.028387
0 0.383497 0.343333 0.014970 0.020715