1 0.500514 0.235340 0.089506 0.160494
1 0.608025 0.234568 0.047325 0.097222
1 0.762346 0.273148 0.041152 0.087963
1 0.853999 0.324846 0.036858 0.070988
1 0.938786 0.297840 0.036008 0.072531
1 0.674383 0.316358 0.015432 0.032407
1 0.081410 0.305287 0.041152 0.098631
1 0.148953 0.286165 0.038468 0.063070
1 0.198381 0.248591 0.027286 0.055019
1 0.277554 0.232823 0.026391 0.034219
1 0.268384 0.327429 0.051888 0.075819
1 0.424047 0.312332 0.050098 0.096618
1 0.372831 0.230475 0.022813 0.053677
1 0.694221 0.323739 0.026838 0.044283
1 0.890141 0.342190 0.023260 0.032877
1 0.974981 0.291868 0.027733 0.047638