1 0.433793 0.311237 0.052083 0.097479
1 0.601304 0.251091 0.038007 0.076739
1 0.702656 0.238647 0.040822 0.068443
1 0.319069 0.283238 0.039414 0.082961
1 0.203641 0.288423 0.039414 0.068443
1 0.400009 0.255239 0.043637 0.076739
1 0.657611 0.260424 0.029561 0.053924
1 0.859610 0.284275 0.045045 0.072591
1 0.899728 0.221018 0.026745 0.058072
1 0.312031 0.222055 0.025338 0.055998
1 0.245167 0.235536 0.023930 0.041480
1 0.102001 0.316651 0.019491 0.063178
1 0.096154 0.276447 0.031185 0.051691
1 0.183212 0.242944 0.033784 0.049776
0 0.763514 0.256096 0.040541 0.099553