1 0.054835 0.121593 0.076651 0.138365
1 0.170991 0.136268 0.087264 0.134172
1 0.189269 0.403564 0.076651 0.153040
1 0.106722 0.754717 0.076651 0.125786
1 0.313679 0.443396 0.091981 0.148847
1 0.511203 0.606918 0.090802 0.186583
1 0.431014 0.783019 0.083726 0.148847
1 0.530660 0.896226 0.080189 0.174004
1 0.606722 0.541929 0.081368 0.165618
1 0.839033 0.607966 0.086085 0.176101
1 0.951651 0.690776 0.082547 0.194969
1 0.812500 0.904612 0.082547 0.161426
1 0.734080 0.755765 0.081368 0.165618
1 0.845519 0.308176 0.070755 0.159329
1 0.970519 0.419287 0.058962 0.180294
1 0.971698 0.166667 0.056604 0.165618