1 0.079392 0.193694 0.050676 0.120120
1 0.261824 0.096096 0.057432 0.111111
1 0.483108 0.099099 0.067568 0.117117
1 0.658784 0.103604 0.060811 0.120120
1 0.751689 0.088589 0.057432 0.144144
1 0.120777 0.723724 0.069257 0.147147
1 0.168919 0.639640 0.054054 0.135135
1 0.043074 0.837838 0.069257 0.183183
1 0.378378 0.902402 0.067568 0.162162
1 0.565878 0.777778 0.070946 0.141141
1 0.931588 0.552553 0.065878 0.135135
1 0.892736 0.196697 0.072635 0.120120
1 0.823480 0.033033 0.055743 0.057057
1 0.038007 0.157658 0.048986 0.102102
1 0.503378 0.292793 0.057432 0.132132
1 0.269426 0.372372 0.052365 0.135135
1 0.643581 0.376877 0.060811 0.108108
0 0.722128 0.878378 0.005068 0.000000
0 0.099662 0.361862 0.057432 0.096096