0 0.195165 0.666584 0.081368 0.188586
0 0.265920 0.765068 0.074292 0.201159
1 0.369693 0.847837 0.097877 0.224208
1 0.614387 0.883458 0.096698 0.199063
1 0.693396 0.758782 0.080189 0.184395
0 0.890330 0.731542 0.073113 0.146678
1 0.756486 0.527240 0.064858 0.123629
1 0.843750 0.507334 0.071934 0.088007
0 0.762972 0.244361 0.049528 0.098484
1 0.644458 0.539813 0.069575 0.182300
1 0.561321 0.505239 0.066038 0.125724
1 0.461085 0.615247 0.066038 0.152964
1 0.370283 0.509429 0.070755 0.134106
1 0.465802 0.452853 0.054245 0.113152
1 0.551887 0.279983 0.047170 0.098484
1 0.372052 0.336559 0.060142 0.119438
0 0.136203 0.427709 0.057783 0.129915
1 0.137972 0.613152 0.063679 0.148773
0 0.471698 0.782879 0.063679 0.136201
0 0.619693 0.198262 0.060142 0.123629
0 0.681604 0.107112 0.051887 0.108961
0 0.674528 0.243313 0.037736 0.071244
0 0.573113 0.132257 0.042453 0.075434
1 0.456958 0.173117 0.060142 0.115247
0 0.278892 0.339702 0.057783 0.100579
0 0.146816 0.286269 0.057783 0.127819
0 0.235849 0.182547 0.054245 0.117342
1 0.213443 0.269506 0.044811 0.094293
1 0.679245 0.397325 0.047170 0.111056
1 0.306014 0.254838 0.048349 0.098484
0 0.369693 0.175213 0.043632 0.081721
0 0.390330 0.243313 0.054245 0.096388
1 0.818396 0.102921 0.033019 0.117342
0 0.727594 0.141686 0.044811 0.094293
1 0.514151 0.182547 0.040094 0.092198
0 0.484670 0.078824 0.035377 0.060767
1 0.646816 0.042155 0.038915 0.062862
0 0.618514 0.058918 0.034198 0.067053
0 0.273585 0.513620 0.066038 0.117342