1 0.111656 0.284409 0.049020 0.081985
1 0.032377 0.298433 0.029654 0.075513
0 0.221193 0.341043 0.035706 0.070119
1 0.306524 0.435434 0.034495 0.077670
1 0.259622 0.610192 0.032680 0.071198
1 0.418482 0.407926 0.034495 0.061489
1 0.349189 0.368552 0.032680 0.056095
0 0.312576 0.346977 0.027233 0.051780
1 0.465989 0.402532 0.033890 0.063646
0 0.532861 0.386890 0.029654 0.073355
1 0.571593 0.380418 0.028443 0.066883
0 0.393367 0.368012 0.026628 0.063646
1 0.637860 0.394265 0.031893 0.073355
1 0.723684 0.334904 0.034113 0.057912