1 0.088443 0.453878 0.044811 0.178197
1 0.334316 0.483229 0.064858 0.144654
1 0.510613 0.480084 0.084906 0.192872
1 0.670401 0.444444 0.053066 0.129979
0 0.788325 0.482180 0.062500 0.171908
0 0.957547 0.389937 0.056604 0.117400
1 0.892099 0.350105 0.043632 0.100629
1 0.749410 0.427673 0.055425 0.129979
0 0.813679 0.334382 0.035377 0.064990
0 0.705189 0.333333 0.061321 0.113208
0 0.577830 0.280922 0.051887 0.109015
0 0.500590 0.292453 0.045991 0.106918
0 0.447524 0.371069 0.048349 0.125786
1 0.397406 0.360587 0.049528 0.113208
1 0.290094 0.420335 0.051887 0.111111
0 0.188090 0.356394 0.038915 0.071279
1 0.928656 0.312369 0.029481 0.050314