1 0.570023 0.714061 0.054655 0.107745
1 0.516011 0.658469 0.044367 0.102014
1 0.637217 0.634398 0.034722 0.083674
0 0.780714 0.669358 0.048225 0.098575
1 0.912852 0.679101 0.047582 0.106599
1 0.774606 0.413177 0.036008 0.058457
0 0.827975 0.492839 0.043724 0.075651
1 0.647612 0.459599 0.031507 0.059604
1 0.617391 0.550724 0.032793 0.076797
1 0.351402 0.502391 0.036651 0.071066
1 0.483218 0.373441 0.039223 0.074505
1 0.382909 0.356821 0.030221 0.052726
1 0.246914 0.447946 0.036008 0.063042
1 0.194509 0.461127 0.039223 0.084821
1 0.044689 0.458262 0.040509 0.083674
1 0.101273 0.442214 0.034079 0.069920
0 0.403164 0.625419 0.051440 0.105453
0 0.419560 0.906818 0.053369 0.102014
1 0.113812 0.657514 0.038580 0.082528
1 0.760827 0.289621 0.023516 0.052399
1 0.699344 0.326300 0.025965 0.048906
1 0.516363 0.352499 0.023516 0.062879
1 0.614100 0.328483 0.028905 0.067245
1 0.334956 0.398746 0.028886 0.057840
1 0.288066 0.379348 0.033238 0.054313
0 0.250079 0.337026 0.026907 0.051492
1 0.346233 0.228634 0.027699 0.047260
1 0.479186 0.260023 0.031656 0.047965
1 0.512029 0.206415 0.022950 0.040911
0 0.658832 0.304814 0.029281 0.057135
1 0.409086 0.453471 0.028698 0.056949
0 0.144845 0.617241 0.029781 0.089767
0 0.144033 0.339130 0.024005 0.049670
0 0.240780 0.213469 0.020180 0.043733
1 0.398663 0.227929 0.021763 0.034563
1 0.281207 0.275541 0.026907 0.052197
0 0.625234 0.253949 0.027123 0.045015
0 0.654695 0.220187 0.024317 0.055852
1 0.550412 0.476804 0.037126 0.060600
1 0.540347 0.582456 0.035785 0.067777
1 0.635847 0.930111 0.055019 0.129972
1 0.581687 0.190463 0.017695 0.041081
1 0.534156 0.154151 0.019753 0.033011