1 0.283951 0.514403 0.102881 0.189300
1 0.542695 0.444444 0.052469 0.087791
1 0.824588 0.434842 0.046296 0.096022
1 0.020708 0.357415 0.022423 0.038338
1 0.085602 0.424243 0.034557 0.065773
1 0.119632 0.390829 0.022423 0.042559
1 0.122006 0.357415 0.009760 0.016531
1 0.144165 0.330508 0.007650 0.023214
1 0.171072 0.345808 0.019257 0.037635
1 0.196265 0.424771 0.031128 0.052759
1 0.233328 0.359174 0.023478 0.044670
1 0.290044 0.356184 0.021368 0.032359
1 0.336341 0.372012 0.016355 0.026028
1 0.401235 0.387312 0.023742 0.040449
1 0.442519 0.449216 0.039833 0.071401
1 0.447003 0.383091 0.017147 0.022862
0 0.383956 0.348094 0.011871 0.016180
1 0.376438 0.369726 0.014245 0.026380
1 0.493036 0.389774 0.015300 0.033414
1 0.512161 0.400150 0.029281 0.049242
0 0.543685 0.348270 0.015300 0.025676
1 0.585233 0.350205 0.027171 0.041504
1 0.620186 0.355305 0.014245 0.028490
1 0.409017 0.358822 0.015036 0.020752
1 0.454785 0.355832 0.012662 0.016883
1 0.989519 0.459241 0.020962 0.076677
1 0.893039 0.397336 0.021104 0.038690
1 0.962814 0.388367 0.024533 0.037635
1 0.983653 0.371132 0.012926 0.022159
1 0.776441 0.399447 0.017411 0.031656
1 0.749930 0.439368 0.020840 0.043966
1 0.701523 0.390302 0.024269 0.037283
1 0.701259 0.344577 0.014245 0.026028
1 0.728694 0.364098 0.013717 0.018642
1 0.777892 0.353546 0.012398 0.018642
1 0.647972 0.364977 0.013190 0.020400
1 0.661954 0.370077 0.011607 0.016531
1 0.569361 0.354425 0.007914 0.018993
1 0.760350 0.364450 0.008441 0.015124
1 0.880509 0.356008 0.014509 0.021455
1 0.487452 0.339477 0.012926 0.021455