1 0.519547 0.699966 0.099451 0.138919
1 0.189472 0.621931 0.073731 0.145779
1 0.077160 0.503102 0.053861 0.078993
1 0.787990 0.717545 0.092593 0.156927
1 0.958314 0.542610 0.059442 0.086610
0 0.832285 0.515598 0.064586 0.114908
1 0.728103 0.354404 0.034675 0.062885
1 0.518128 0.470744 0.052859 0.086758
0 0.449482 0.542066 0.075919 0.131468
1 0.390592 0.479526 0.046828 0.106451
0 0.299773 0.488575 0.039024 0.067064
1 0.352100 0.523171 0.042926 0.083032
1 0.266958 0.582252 0.041507 0.092613
1 0.121506 0.410067 0.032993 0.051629
1 0.564129 0.486430 0.040611 0.072303
1 0.611779 0.388943 0.035196 0.049556
1 0.374341 0.390974 0.036820 0.055243
0 0.473563 0.338127 0.028994 0.046306