1 0.160473 0.616454 0.077703 0.183875
1 0.345439 0.507661 0.062500 0.162423
1 0.572635 0.411127 0.067568 0.147100
1 0.652027 0.230317 0.054054 0.128712
1 0.543919 0.248705 0.054054 0.134841
1 0.419764 0.303867 0.052365 0.128712
1 0.233953 0.138380 0.038851 0.091937
1 0.556588 0.077088 0.032095 0.073550
1 0.405053 0.026154 0.025338 0.051715
1 0.457313 0.056799 0.024282 0.044053
1 0.265168 0.101810 0.032728 0.072784
0 0.752862 0.128086 0.038007 0.061292
1 0.814799 0.145962 0.035191 0.086830
1 0.663476 0.107655 0.039414 0.071507
1 0.852102 0.036148 0.033784 0.061292
1 0.787350 0.036148 0.028153 0.061292
1 0.899962 0.068071 0.033784 0.074061
1 0.802834 0.417944 0.000000 0.002554
1 0.747623 0.040273 0.033784 0.045969
0 0.686937 0.068562 0.028958 0.059103