1 0.207819 0.800154 0.115226 0.240741
1 0.480453 0.489969 0.067901 0.151235
1 0.312757 0.475309 0.065844 0.109568
1 0.417695 0.375000 0.045267 0.097222
1 0.619632 0.380932 0.067320 0.127606
1 0.766327 0.576316 0.088746 0.185040
1 0.865741 0.861111 0.138889 0.239198
1 0.955761 0.704475 0.088477 0.240741
1 0.953704 0.445216 0.047325 0.080247
1 0.111379 0.541354 0.108248 0.220075
1 0.239757 0.465535 0.050098 0.091251
1 0.186080 0.459496 0.057255 0.107354
1 0.307747 0.345098 0.048309 0.093264
1 0.068438 0.280014 0.028628 0.074477
1 0.134192 0.282363 0.023260 0.048309
1 0.118984 0.349123 0.034890 0.039587
1 0.266148 0.311885 0.029522 0.042941
1 0.384684 0.344091 0.030417 0.061728
1 0.519771 0.277666 0.028628 0.049651
1 0.774289 0.339394 0.050098 0.099302
1 0.690419 0.411523 0.046967 0.081186
1 0.726427 0.497741 0.076042 0.100644
1 0.887458 0.370594 0.040258 0.081186
1 0.953957 0.343085 0.041152 0.067767
1 0.875678 0.320943 0.036679 0.059716
1 0.926000 0.333020 0.036232 0.075819
1 0.819094 0.341407 0.029075 0.050993
1 0.659465 0.292438 0.047325 0.070988